@BASIS_SET DEF2-SVP
# Subset (H, C, N, O) of test_data/vlx/DEF2-SVP, VeloxChem format.

@ATOMBASIS H
S 3   1
1.301070100000e+01  1.968215800000e-02
1.962257200000e+00  1.379652400000e-01
4.445379600000e-01  4.783193500000e-01
S 1   1
1.219496200000e-01  1.000000000000e+00
P 1   1
8.000000000000e-01  1.000000000000e+00
@END

@ATOMBASIS C
S 5   1
1.238401693800e+03  5.456883208200e-03
1.862900499200e+02  4.063840921100e-02
4.225117634600e+01  1.802559388800e-01
1.167655793200e+01  4.631512175500e-01
3.593050648200e+00  4.408717331400e-01
S 1   1
4.024514736300e-01  1.000000000000e+00
S 1   1
1.309018266800e-01  1.000000000000e+00
P 3   1
9.468097062100e+00  3.838787172800e-02
2.010354514200e+00  2.111702511200e-01
5.477100470700e-01  5.132817211400e-01
P 1   1
1.526861379500e-01  1.000000000000e+00
D 1   1
8.000000000000e-01  1.000000000000e+00
@END

@ATOMBASIS N
S 5   1
1.712841585300e+03 -5.393412530500e-03
2.576481267700e+02 -4.022158111800e-02
5.845824585300e+01 -1.793114499000e-01
1.619836790500e+01 -4.637631782300e-01
5.005260080900e+00 -4.417142266200e-01
S 1   1
5.873185657100e-01  1.000000000000e+00
S 1   1
1.876459225300e-01  1.000000000000e+00
P 3   1
1.357147023300e+01 -4.007239885200e-02
2.925737287400e+00 -2.180704502800e-01
7.992775075400e-01 -5.129446604900e-01
P 1   1
2.195434803400e-01  1.000000000000e+00
D 1   1
1.000000000000e+00  1.000000000000e+00
@END

@ATOMBASIS O
S 5   1
2.266176778500e+03 -5.343180992600e-03
3.408701019100e+02 -3.989003923000e-02
7.736313516700e+01 -1.785391198500e-01
2.147964494000e+01 -4.642768495900e-01
6.658943312400e+00 -4.430974517200e-01
S 1   1
8.097597566800e-01  1.000000000000e+00
S 1   1
2.553077223400e-01  1.000000000000e+00
P 3   1
1.772150431700e+01  4.339457319300e-02
3.863550544000e+00  2.309412076500e-01
1.048092088300e+00  5.137531106400e-01
P 1   1
2.764154441100e-01  1.000000000000e+00
D 1   1
1.200000000000e+00  1.000000000000e+00
@END
